 878 
 387 
 341 
 645 
 284 
 922 
 387 
 163 
 421 
 319 
 585 
 302 
 223 
 838 
 169 
 609 
 456 
 721 
 473 
 9 
 883 
 866 
 599 
 626 
 126 
 895 
 842 
 231 
 907 
 118 
 29 
 138 
 857 
 723 
 783 
 141 
 645 
 171 
 656 
 419 
 842 
 241 
 73 
 65 
 79 
 242 
 26 
 888 
 964 
 851 
 249 
 199 
 69 
 848 
 178 
 195 
 95 
 20 
 778 
 355 
 490 
 808 
 493 
 699 
 883 
 276 
 840 
 528 
 799 
 496 
 947 
 993 
 738 
 21 
 410 
 169 
 615 
 788 
 409 
 931 
 639 
 658 
 131 
 708 
 858 
 661 
 256 
 306 
 33 
 34 
 661 
 524 
 194 
 506 
 223 
 77 
 134 
 416 
 958 
 286 
